%YAML:1.0
src: base_link
des: /camera
rvec: !!opencv-matrix
   rows: 3
   cols: 1
   dt: d
   data: [ -9.1503482352002163e-01, -2.5633244953600913e+00,
       1.1023906010448699e+00 ]
tvec: !!opencv-matrix
   rows: 3
   cols: 1
   dt: d
   data: [ 9.8055502596483979e-01, 1.2375173531062844e+00,
       1.2381270690342452e+00 ]
